0,0 - 1,0 - 12,12 - [68.9]
0,0 - 1,0 - 13,12 - [78.3]
0,0 - 2,0 - 12,1 - [78.6]
0,0 - 2,0 - 1,12 - [78.8]
0,0 - 2,0 - 12,12 - [71.0]
0,0 - 2,0 - 1,13 - [77.3]
0,0 - 0,1 - 1,12 - [79.4]
0,0 - 0,1 - 12,12 - [69.9]
0,0 - 0,1 - 13,12 - [78.0]
0,0 - 0,1 - 12,13 - [77.4]
0,0 - 0,1 - 13,13 - [79.2]
0,0 - 1,1 - 4,1 - [76.4]
0,0 - 1,1 - 5,1 - [58.9]
0,0 - 1,1 - 2,2 - [78.4]
0,0 - 1,1 - 3,2 - [58.0]
0,0 - 1,1 - 4,2 - [41.3]
0,0 - 1,1 - 5,2 - [31.1]
0,0 - 1,1 - 2,3 - [58.5]
0,0 - 1,1 - 1,4 - [76.4]
0,0 - 1,1 - 2,4 - [41.7]
0,0 - 1,1 - 1,5 - [59.2]
0,0 - 1,1 - 2,5 - [32.8]
0,0 - 2,1 - 4,1 - [77.8]
0,0 - 2,1 - 5,1 - [75.8]
0,0 - 2,1 - 3,2 - [64.0]
0,0 - 2,1 - 4,2 - [49.8]
0,0 - 2,1 - 5,2 - [42.8]
0,0 - 2,1 - 2,3 - [72.3]
0,0 - 2,1 - 3,3 - [39.3]
0,0 - 2,1 - 2,4 - [49.6]
0,0 - 2,1 - 1,5 - [72.0]
0,0 - 2,1 - 2,5 - [51.8]
0,0 - 3,1 - 3,2 - [77.7]
0,0 - 3,1 - 4,2 - [56.8]
0,0 - 3,1 - 5,2 - [59.3]
0,0 - 3,1 - 2,3 - [78.0]
0,0 - 3,1 - 3,3 - [49.8]
0,0 - 3,1 - 4,3 - [38.1]
0,0 - 3,1 - 5,3 - [33.5]
0,0 - 3,1 - 2,4 - [65.0]
0,0 - 3,1 - 3,4 - [39.4]
0,0 - 3,1 - 2,5 - [61.3]
0,0 - 3,1 - 3,5 - [38.5]
0,0 - 3,1 - 5,5 - [33.4]
0,0 - 4,1 - 4,2 - [70.3]
0,0 - 4,1 - 5,2 - [70.1]
0,0 - 4,1 - 3,3 - [67.0]
0,0 - 4,1 - 4,3 - [48.5]
0,0 - 4,1 - 5,3 - [47.1]
0,0 - 4,1 - 2,4 - [74.1]
0,0 - 4,1 - 3,4 - [60.6]
0,0 - 4,1 - 4,4 - [39.3]
0,0 - 4,1 - 3,5 - [56.7]
0,0 - 4,1 - 5,5 - [45.9]
0,0 - 5,1 - 5,2 - [77.6]
0,0 - 5,1 - 3,3 - [77.1]
0,0 - 5,1 - 4,3 - [67.9]
0,0 - 5,1 - 5,3 - [51.1]
0,0 - 5,1 - 3,4 - [75.6]
0,0 - 5,1 - 4,4 - [53.2]
0,0 - 5,1 - 3,5 - [78.8]
0,0 - 5,1 - 5,5 - [60.3]
0,0 - 6,1 - 5,3 - [64.2]
0,0 - 6,1 - 5,5 - [60.3]
0,0 - 7,1 - 5,3 - [77.8]
0,0 - 7,1 - 5,5 - [76.5]